0 0.000000 
1 0.000000 
2 0.000000 
3 0.000000 
4 0.000008 
5 0.000046 
6 0.000137 
7 0.000362 
8 0.000790 
9 0.000931 
10 0.000935 
11 0.001003 
12 0.000938 
13 0.001106 
14 0.001591 
15 0.001827 
16 0.001377 
17 0.001186 
18 0.001251 
19 0.001110 
20 0.001171 
21 0.001213 
22 0.001221 
23 0.001251 
24 0.001282 
25 0.001266 
26 0.001289 
27 0.001389 
28 0.001408 
29 0.001713 
30 0.001945 
31 0.002644 
32 0.003952 
33 0.004322 
34 0.003540 
35 0.003014 
36 0.003189 
37 0.003666 
38 0.004189 
39 0.004147 
40 0.004528 
41 0.005405 
42 0.005863 
43 0.006367 
44 0.005745 
45 0.004578 
46 0.004017 
47 0.004078 
48 0.003674 
49 0.003544 
50 0.003498 
51 0.003540 
52 0.003578 
53 0.003712 
54 0.003609 
55 0.003414 
56 0.003666 
57 0.003639 
58 0.003544 
59 0.003471 
60 0.003700 
61 0.003696 
62 0.003983 
63 0.003643 
64 0.003944 
65 0.003849 
66 0.003983 
67 0.004082 
68 0.004211 
69 0.004463 
70 0.004570 
71 0.004585 
72 0.004501 
73 0.004906 
74 0.004993 
75 0.005241 
76 0.005283 
77 0.005653 
78 0.005592 
79 0.005707 
80 0.006157 
81 0.006371 
82 0.006618 
83 0.006344 
84 0.006477 
85 0.006847 
86 0.007118 
87 0.007378 
88 0.007336 
89 0.007114 
90 0.007645 
91 0.007961 
92 0.009243 
93 0.010628 
94 0.011482 
95 0.012772 
96 0.013275 
97 0.014050 
98 0.012779 
99 0.011955 
100 0.011723 
101 0.012356 
102 0.011757 
103 0.010830 
104 0.010914 
105 0.011253 
106 0.010048 
107 0.009819 
108 0.010899 
109 0.010429 
110 0.009613 
111 0.009449 
112 0.009972 
113 0.009476 
114 0.009480 
115 0.009331 
116 0.010136 
117 0.010235 
118 0.009792 
119 0.010239 
120 0.010300 
121 0.010212 
122 0.010307 
123 0.010269 
124 0.010426 
125 0.010612 
126 0.010704 
127 0.010105 
128 0.010033 
129 0.010044 
130 0.010052 
131 0.009846 
132 0.009243 
133 0.009090 
134 0.007851 
135 0.006786 
136 0.006599 
137 0.006104 
138 0.005833 
139 0.005623 
140 0.005272 
141 0.004971 
142 0.004955 
143 0.004944 
144 0.004684 
145 0.004707 
146 0.004387 
147 0.004230 
148 0.004341 
149 0.004230 
150 0.004333 
151 0.004185 
152 0.004200 
153 0.003773 
154 0.003941 
155 0.003624 
156 0.003544 
157 0.003838 
158 0.003506 
159 0.003761 
160 0.003403 
161 0.003296 
162 0.003246 
163 0.003139 
164 0.003086 
165 0.002945 
166 0.002983 
167 0.002708 
168 0.002644 
169 0.002586 
170 0.002239 
171 0.002487 
172 0.002174 
173 0.002239 
174 0.002136 
175 0.002151 
176 0.002007 
177 0.001953 
178 0.001991 
179 0.001972 
180 0.001919 
181 0.001736 
182 0.001976 
183 0.001770 
184 0.001663 
185 0.001804 
186 0.001831 
187 0.001591 
188 0.001614 
189 0.001717 
190 0.001591 
191 0.001598 
192 0.001530 
193 0.001556 
194 0.001415 
195 0.001419 
196 0.001514 
197 0.001274 
198 0.001251 
199 0.001183 
200 0.001209 
201 0.001225 
202 0.001118 
203 0.001118 
204 0.000996 
205 0.001019 
206 0.001030 
207 0.001011 
208 0.000908 
209 0.000954 
210 0.000923 
211 0.000912 
212 0.000935 
213 0.000786 
214 0.000748 
215 0.000763 
216 0.000664 
217 0.000648 
218 0.000694 
219 0.000610 
220 0.000599 
221 0.000614 
222 0.000465 
223 0.000515 
224 0.000435 
225 0.000427 
226 0.000431 
227 0.000393 
228 0.000282 
229 0.000374 
230 0.000340 
231 0.000324 
232 0.000301 
233 0.000267 
234 0.000286 
235 0.000263 
236 0.000202 
237 0.000252 
238 0.000225 
239 0.000210 
240 0.000164 
241 0.000210 
242 0.000130 
243 0.000153 
244 0.000156 
245 0.000126 
246 0.000111 
247 0.000130 
248 0.000076 
249 0.000099 
250 0.000114 
251 0.000092 
252 0.000084 
253 0.000149 
254 0.000134 
