0 0.000000 
1 0.000000 
2 0.000000 
3 0.000000 
4 0.000000 
5 0.000000 
6 0.000000 
7 0.000000 
8 0.000000 
9 0.000000 
10 0.000000 
11 0.000000 
12 0.000008 
13 0.000011 
14 0.000015 
15 0.000019 
16 0.000053 
17 0.000065 
18 0.000042 
19 0.000095 
20 0.000084 
21 0.000076 
22 0.000088 
23 0.000095 
24 0.000111 
25 0.000187 
26 0.000183 
27 0.000217 
28 0.000237 
29 0.000305 
30 0.000320 
31 0.000168 
32 0.000374 
33 0.000443 
34 0.000458 
35 0.000412 
36 0.000488 
37 0.000530 
38 0.000599 
39 0.000664 
40 0.000679 
41 0.000721 
42 0.000614 
43 0.000755 
44 0.000771 
45 0.000713 
46 0.000656 
47 0.000683 
48 0.000893 
49 0.000786 
50 0.000702 
51 0.000862 
52 0.000839 
53 0.000748 
54 0.000751 
55 0.000751 
56 0.000828 
57 0.000774 
58 0.000732 
59 0.000748 
60 0.000832 
61 0.000801 
62 0.000793 
63 0.000587 
64 0.000881 
65 0.000717 
66 0.000881 
67 0.000881 
68 0.000809 
69 0.000889 
70 0.000847 
71 0.000713 
72 0.000889 
73 0.000904 
74 0.000854 
75 0.000824 
76 0.000919 
77 0.000877 
78 0.000900 
79 0.000847 
80 0.000927 
81 0.000980 
82 0.000877 
83 0.000992 
84 0.000912 
85 0.001015 
86 0.001003 
87 0.000961 
88 0.001045 
89 0.001003 
90 0.000950 
91 0.001030 
92 0.000999 
93 0.001011 
94 0.001015 
95 0.001026 
96 0.001022 
97 0.001049 
98 0.001064 
99 0.001083 
100 0.001125 
101 0.000961 
102 0.001091 
103 0.001163 
104 0.001171 
105 0.001221 
106 0.001194 
107 0.001190 
108 0.001377 
109 0.001240 
110 0.001427 
111 0.001431 
112 0.001377 
113 0.001499 
114 0.001476 
115 0.001427 
116 0.001537 
117 0.001381 
118 0.001637 
119 0.001591 
120 0.001495 
121 0.001804 
122 0.001774 
123 0.001919 
124 0.001820 
125 0.001930 
126 0.001987 
127 0.002129 
128 0.002090 
129 0.002068 
130 0.002277 
131 0.002247 
132 0.002289 
133 0.002216 
134 0.002182 
135 0.002331 
136 0.002728 
137 0.002468 
138 0.002731 
139 0.002579 
140 0.002968 
141 0.002907 
142 0.002903 
143 0.002750 
144 0.003326 
145 0.003338 
146 0.003376 
147 0.003235 
148 0.003693 
149 0.003742 
150 0.003822 
151 0.003891 
152 0.004230 
153 0.004501 
154 0.004391 
155 0.004505 
156 0.005016 
157 0.004848 
158 0.005363 
159 0.005272 
160 0.005764 
161 0.006077 
162 0.006432 
163 0.006584 
164 0.007084 
165 0.007221 
166 0.007492 
167 0.007393 
168 0.007748 
169 0.008198 
170 0.008377 
171 0.008064 
172 0.008495 
173 0.008533 
174 0.009598 
175 0.009594 
176 0.009670 
177 0.009731 
178 0.010319 
179 0.009705 
180 0.010212 
181 0.009903 
182 0.009949 
183 0.009918 
184 0.009842 
185 0.010387 
186 0.010471 
187 0.011307 
188 0.011208 
189 0.011280 
190 0.011433 
191 0.011356 
192 0.013176 
193 0.013596 
194 0.014130 
195 0.014729 
196 0.015583 
197 0.016094 
198 0.017570 
199 0.017101 
200 0.018024 
201 0.018440 
202 0.018185 
203 0.018032 
204 0.018200 
205 0.018116 
206 0.017540 
207 0.017365 
208 0.016972 
209 0.017994 
210 0.018902 
211 0.019733 
212 0.018284 
213 0.015251 
214 0.013519 
215 0.011944 
216 0.009926 
217 0.008675 
218 0.007801 
219 0.006886 
220 0.006702 
221 0.006165 
222 0.005543 
223 0.004982 
224 0.004532 
225 0.004131 
226 0.004410 
227 0.004093 
228 0.003464 
229 0.003471 
230 0.003315 
231 0.002930 
232 0.002899 
233 0.002659 
234 0.002289 
235 0.002007 
236 0.001659 
237 0.001411 
238 0.000896 
239 0.000587 
240 0.000423 
241 0.000416 
242 0.000359 
243 0.000313 
244 0.000271 
245 0.000244 
246 0.000221 
247 0.000240 
248 0.000248 
249 0.000134 
250 0.000130 
251 0.000137 
252 0.000027 
253 0.000000 
254 0.000000 
